252
0.0
7.0
15.0
26.0
32.0
42.0
46.0
61.0
69.0
75.0
77.0
82.0
88.0
93.0
95.0
102.0
106.0
120.0
124.0
134.0
142.0
147.0
151.0
157.0
166.0
173.0
180.0
189.0
194.0
201.0
203.0
208.0
219.0
225.0
228.0
235.0
241.0
253.0
266.0
274.0
286.0
294.0
303.0
312.0
325.0
337.0
344.0
350.0
368.0
372.0
379.0
386.0
392.0
399.0
411.0
425.0
430.0
442.0
449.0
454.0
465.0
480.0
489.0
502.0
509.0
516.0
522.0
530.0
537.0
543.0
552.0
562.0
570.0
575.0
579.0
584.0
597.0
613.0
629.0
635.0
647.0
657.0
663.0
666.0
674.0
679.0
687.0
695.0
703.0
714.0
724.0
731.0
737.0
740.0
745.0
748.0
752.0
760.0
766.0
782.0
787.0
791.0
798.0
805.0
809.0
821.0
825.0
831.0
837.0
851.0
856.0
865.0
871.0
876.0
884.0
891.0
908.0
920.0
932.0
941.0
944.0
948.0
955.0
962.0
967.0
974.0
983.0
988.0
999.0
1009.0
1017.0
1021.0
1025.0
1028.0
1034.0
1045.0
1057.0
1060.0
1070.0
1074.0
1080.0
1089.0
1105.0
1109.0
1122.0
1129.0
1135.0
1148.0
1151.0
1171.0
1183.0
1193.0
1197.0
1200.0
1215.0
1224.0
1237.0
1242.0
1249.0
1255.0
1261.0
1268.0
1274.0
1280.0
1285.0
1290.0
1299.0
1312.0
1322.0
1326.0
1334.0
1348.0
1351.0
1359.0
1367.0
1373.0
1376.0
1378.0
1390.0
1397.0
1405.0
1415.0
1433.0
1438.0
1448.0
1452.0
1466.0
1469.0
1476.0
1485.0
1493.0
1502.0
1504.0
1520.0
1534.0
1557.0
1570.0
1577.0
1588.0
1595.0
1605.0
1610.0
1619.0
1623.0
1637.0
1642.0
1650.0
1656.0
1663.0
1669.0
1673.0
1681.0
1687.0
1695.0
1701.0
1711.0
1713.0
1718.0
1724.0
1733.0
1745.0
1752.0
1763.0
1775.0
1780.0
1795.0
1806.0
1816.0
1829.0
1831.0
1837.0
1846.0
1852.0
1859.0
1872.0
1877.0
1894.0
1897.0
1904.0
1912.0
1915.0
1921.0
1930.0
1935.0
1939.0
1947.0
1960.0
1968.0
1973.0
1984.0
1993.0
2001.0
