252
0.0
6.683
15.624
26.211
33.897
42.092999999999996
46.211
59.504
68.682
74.854
77.62400000000001
82.23899999999999
88.35799999999999
92.85400000000001
95.981
102.12
107.394
118.383
126.42899999999999
135.77900000000002
141.589
147.504
150.855
157.094
166.214
173.24
181.248
188.85399999999998
195.779
201.504
203.11900000000003
209.19400000000002
219.358
225.119
228.35799999999998
234.32500000000002
241.953
253.038
266.625
274.214
285.656
295.513
303.982
312.24
325.743
337.62499999999994
345.127
354.32599999999996
367.855
372.889
379.86199999999997
386.88899999999995
391.70799999999997
399.543
413.284
424.85400000000004
431.752
442.745
449.77
456.54999999999995
468.172
479.97400000000005
489.50499999999994
501.12700000000007
509.9799999999999
516.358
522.479
529.059
535.795
542.855
553.367
562.066
570.889
575.3580000000001
579.742
584.3569999999999
598.459
614.99
628.59
635.7180000000001
645.913
656.683
663.24
667.009
673.828
679.12
687.065
694.8280000000001
704.925
713.2969999999999
725.274
731.4770000000001
736.47
739.8270000000001
744.8539999999999
748.12
752.505
759.683
768.3729999999999
783.275
787.623
791.092
798.742
805.0930000000001
811.8149999999999
820.5889999999999
825.744
831.7699999999999
838.4879999999999
852.0089999999999
856.743
864.974
870.325
876.211
884.1189999999999
893.2
908.6239999999999
921.1289999999999
932.5970000000001
941.239
944.7699999999999
948.624
955.7429999999999
962.7439999999999
967.3580000000001
974.863
983.093
988.3580000000001
999.331
1008.8009999999999
1017.1200000000001
1021.1199999999999
1025.092
1029.5120000000002
1035.659
1044.564
1056.71
1060.5049999999999
1069.443
1073.854
1079.06
1088.298
1103.238
1111.045
1121.0330000000001
1129.3590000000002
1134.9470000000001
1146.795
1154.0529999999999
1171.6929999999998
1184.3659999999998
1193.2399999999998
1196.9740000000002
1201.0439999999999
1215.69
1227.0520000000001
1236.324
1243.102
1249.504
1255.623
1260.9750000000001
1267.324
1273.059
1279.5890000000002
1284.5900000000001
1290.889
1299.0679999999998
1312.0939999999998
1321.589
1326.504
1334.6609999999998
1348.239
1351.358
1360.366
1367.4769999999999
1373.359
1376.1190000000001
1379.632
1390.0680000000002
1398.248
1405.359
1419.4470000000001
1433.0
1437.443
1447.2979999999998
1454.4009999999998
1465.3249999999998
1469.359
1475.709
1486.105
1494.1
1501.708
1505.127
1520.57
1534.4769999999999
1554.3919999999998
1569.325
1578.87
1587.735
1595.1200000000001
1604.975
1610.479
1619.3580000000002
1623.358
1634.708
1643.128
1650.597
1656.211
1662.974
1669.505
1674.3940000000002
1681.4769999999999
1687.504
1694.417
1701.3570000000002
1710.2049999999997
1712.735
1717.4440000000002
1725.898
1735.136
1746.155
1751.8920000000003
1764.247
1775.8900000000003
1782.282
1795.214
1806.6
1816.8609999999999
1829.12
1832.659
1839.017
1846.5040000000001
1852.623
1860.696
1873.155
1878.1639999999998
1893.563
1898.393
1904.358
1912.505
1915.624
1921.0929999999998
1929.444
1935.2130000000002
1940.9250000000002
1950.1999999999998
1960.5040000000001
1967.4430000000002
1973.744
1983.152
1993.4489999999998
2000.9999999999998
