252
0.0
11.0
18.0
30.0
39.0
45.0
50.0
64.0
73.0
76.0
80.0
84.0
91.0
94.0
101.0
103.0
111.0
122.0
131.0
140.0
143.0
149.0
152.0
160.0
170.0
175.0
186.0
190.0
200.0
203.0
204.0
218.0
222.0
226.0
231.0
236.0
249.0
260.0
269.0
278.0
292.0
300.0
309.0
314.0
329.0
340.0
349.0
364.0
369.0
375.0
384.0
389.0
394.0
408.0
419.0
426.0
438.0
446.0
451.0
462.0
476.0
482.0
491.0
508.0
515.0
519.0
526.0
531.0
538.0
544.0
559.0
567.0
573.0
578.0
583.0
587.0
607.0
623.0
630.0
641.0
649.0
661.0
665.0
670.0
677.0
680.0
692.0
698.0
708.0
717.0
728.0
735.0
737.0
743.0
746.0
749.0
754.0
764.0
777.0
786.0
790.0
794.0
802.0
808.0
817.0
822.0
829.0
833.0
845.0
855.0
860.0
867.0
872.0
880.0
885.0
905.0
911.0
925.0
937.0
943.0
946.0
951.0
959.0
966.0
970.0
979.0
986.0
991.0
1004.0
1014.0
1018.0
1022.0
1028.0
1034.0
1039.0
1048.0
1059.0
1062.0
1072.0
1075.0
1081.0
1092.0
1108.0
1115.0
1125.0
1132.0
1139.0
1149.0
1161.0
1179.0
1190.0
1195.0
1199.0
1211.0
1223.0
1234.0
1238.0
1249.0
1251.0
1258.0
1263.0
1269.0
1275.0
1281.0
1286.0
1293.0
1304.0
1315.0
1323.0
1328.0
1344.0
1350.0
1354.0
1366.0
1371.0
1376.0
1377.0
1385.0
1395.0
1403.0
1408.0
1430.0
1433.0
1440.0
1451.0
1461.0
1467.0
1472.0
1478.0
1492.0
1500.0
1504.0
1509.0
1527.0
1538.0
1564.0
1571.0
1586.0
1588.0
1596.0
1607.0
1614.0
1622.0
1626.0
1640.0
1647.0
1655.0
1660.0
1665.0
1671.0
1678.0
1685.0
1689.0
1699.0
1704.0
1711.0
1713.0
1720.0
1731.0
1742.0
1748.0
1760.0
1769.0
1778.0
1788.0
1799.0
1811.0
1821.0
1830.0
1836.0
1845.0
1848.0
1855.0
1871.0
1875.0
1889.0
1897.0
1902.0
1907.0
1914.0
1918.0
1924.0
1932.0
1939.0
1944.0
1956.0
1962.0
1970.0
1977.0
1988.0
1999.0
2001.0
