252
0.0
2.0
14.0
25.0
32.0
40.0
45.0
52.0
65.0
74.0
76.0
81.0
87.0
92.0
94.0
101.0
105.0
113.0
124.0
133.0
140.0
147.0
149.0
154.0
162.0
171.0
178.0
188.0
193.0
201.0
203.0
204.0
218.0
225.0
227.0
231.0
240.0
250.0
264.0
270.0
280.0
293.0
301.0
310.0
324.0
335.0
344.0
350.0
366.0
372.0
378.0
386.0
390.0
395.0
409.0
424.0
428.0
439.0
449.0
452.0
464.0
478.0
488.0
493.0
509.0
515.0
519.0
526.0
531.0
541.0
550.0
559.0
570.0
574.0
579.0
584.0
594.0
611.0
626.0
631.0
642.0
652.0
661.0
665.0
671.0
678.0
685.0
692.0
703.0
710.0
724.0
730.0
735.0
738.0
744.0
747.0
751.0
755.0
766.0
781.0
787.0
790.0
798.0
803.0
808.0
819.0
823.0
831.0
833.0
850.0
855.0
863.0
867.0
875.0
884.0
889.0
907.0
918.0
930.0
940.0
944.0
947.0
954.0
960.0
966.0
972.0
981.0
987.0
997.0
1005.0
1016.0
1020.0
1024.0
1028.0
1034.0
1040.0
1053.0
1059.0
1067.0
1073.0
1075.0
1084.0
1096.0
1108.0
1116.0
1127.0
1132.0
1142.0
1150.0
1164.0
1182.0
1191.0
1195.0
1199.0
1211.0
1224.0
1234.0
1239.0
1249.0
1255.0
1258.0
1265.0
1270.0
1278.0
1282.0
1290.0
1294.0
1309.0
1320.0
1326.0
1331.0
1347.0
1350.0
1358.0
1366.0
1371.0
1376.0
1377.0
1385.0
1395.0
1403.0
1413.0
1433.0
1435.0
1443.0
1452.0
1462.0
1467.0
1473.0
1479.0
1492.0
1500.0
1504.0
1517.0
1533.0
1540.0
1566.0
1576.0
1587.0
1594.0
1602.0
1607.0
1618.0
1622.0
1626.0
1641.0
1648.0
1655.0
1661.0
1668.0
1672.0
1680.0
1687.0
1690.0
1701.0
1708.0
1712.0
1714.0
1723.0
1732.0
1745.0
1748.0
1762.0
1774.0
1780.0
1791.0
1801.0
1816.0
1828.0
1831.0
1836.0
1846.0
1852.0
1857.0
1872.0
1875.0
1890.0
1897.0
1903.0
1911.0
1914.0
1919.0
1926.0
1932.0
1939.0
1946.0
1960.0
1965.0
1971.0
1978.0
1992.0
2001.0
