252
0.0
9.0
17.0
26.0
36.0
43.0
46.0
63.0
70.0
75.0
79.0
83.0
89.0
93.0
97.0
103.0
110.0
120.0
130.0
139.0
142.0
148.0
152.0
159.0
169.0
175.0
184.0
189.0
199.0
202.0
203.0
212.0
220.0
228.0
229.0
236.0
242.0
253.0
269.0
277.0
288.0
298.0
306.0
314.0
327.0
340.0
346.0
360.0
369.0
374.0
381.0
388.0
392.0
401.0
418.0
425.0
435.0
446.0
451.0
462.0
473.0
481.0
491.0
505.0
510.0
517.0
525.0
530.0
538.0
544.0
556.0
563.0
572.0
576.0
580.0
584.0
601.0
618.0
630.0
639.0
647.0
659.0
665.0
669.0
675.0
680.0
687.0
696.0
708.0
714.0
727.0
732.0
737.0
740.0
745.0
749.0
754.0
762.0
770.0
786.0
788.0
791.0
799.0
806.0
817.0
821.0
828.0
833.0
843.0
854.0
858.0
866.0
872.0
876.0
884.0
895.0
910.0
924.0
934.0
942.0
946.0
950.0
957.0
965.0
968.0
977.0
984.0
989.0
1000.0
1010.0
1018.0
1022.0
1025.0
1031.0
1038.0
1047.0
1059.0
1062.0
1070.0
1074.0
1081.0
1090.0
1106.0
1115.0
1123.0
1131.0
1136.0
1149.0
1159.0
1177.0
1186.0
1195.0
1198.0
1200.0
1218.0
1231.0
1237.0
1246.0
1250.0
1256.0
1263.0
1268.0
1274.0
1280.0
1286.0
1292.0
1302.0
1314.0
1322.0
1327.0
1335.0
1349.0
1352.0
1362.0
1368.0
1375.0
1376.0
1382.0
1393.0
1401.0
1407.0
1427.0
1433.0
1438.0
1449.0
1457.0
1467.0
1471.0
1477.0
1492.0
1495.0
1502.0
1506.0
1522.0
1535.0
1561.0
1571.0
1581.0
1588.0
1596.0
1607.0
1613.0
1620.0
1624.0
1638.0
1645.0
1652.0
1656.0
1664.0
1671.0
1677.0
1682.0
1688.0
1696.0
1701.0
1711.0
1713.0
1719.0
1729.0
1738.0
1748.0
1752.0
1766.0
1778.0
1785.0
1798.0
1811.0
1817.0
1830.0
1835.0
1842.0
1847.0
1853.0
1862.0
1875.0
1878.0
1895.0
1900.0
1905.0
1914.0
1917.0
1922.0
1931.0
1937.0
1944.0
1956.0
1961.0
1968.0
1976.0
1985.0
1993.0
2001.0
