252
0.0
9.003
16.943
26.855
36.192
43.246
46.855000000000004
62.615
70.388
75.183
78.94300000000001
83.063
89.287
93.183
97.615
102.839
109.703
120.161
129.504
138.583
142.142
148.104
151.798
158.861
168.7
174.678
183.88600000000002
189.18300000000002
198.58300000000003
202.104
203.22400000000002
212.7
220.287
225.224
229.287
235.716
243.407
254.44500000000002
268.558
276.70000000000005
288.41
297.927
306.23
313.678
327.16700000000003
339.558
346.43199999999996
359.69599999999997
368.79800000000006
373.98400000000004
381.391
387.98400000000004
392.366
402.164
417.302
425.183
434.99000000000007
445.39700000000005
450.76
460.958
472.67100000000005
481.022
490.71900000000005
504.943
511.0
517.287
524.741
530.06
537.634
543.798
556.11
563.653
571.984
576.287
580.552
584.672
601.741
618.438
629.7570000000001
638.8040000000001
647.243
659.003
664.6780000000001
668.8230000000001
675.205
679.8389999999999
688.038
696.205
707.4
714.508
726.864
732.511
736.918
740.59
745.1830000000001
748.8389999999999
753.719
762.0029999999999
771.088
785.4789999999999
788.328
791.6310000000001
799.552
806.246
815.999
821.142
827.782
832.76
842.5640000000001
853.8230000000001
858.167
866.0219999999999
871.716
876.8550000000001
884.224
896.678
909.943
923.662
934.3500000000001
942.063
945.76
949.9430000000001
957.167
964.7820000000002
968.287
977.0060000000001
984.2460000000001
989.287
1000.694
1010.6120000000001
1017.839
1021.839
1025.6309999999999
1031.3120000000001
1037.7440000000001
1046.779
1058.596
1061.719
1070.325
1074.183
1080.6750000000002
1090.123
1105.959
1114.239
1123.0819999999999
1130.902
1136.429
1148.634
1158.4470000000001
1176.441
1186.4950000000001
1194.678
1198.022
1202.4230000000002
1218.596
1230.832
1237.101
1246.0690000000002
1250.104
1256.328
1262.637
1268.101
1274.06
1280.142
1285.757
1291.9840000000002
1301.883
1313.861
1322.142
1327.104
1336.7730000000001
1349.063
1352.287
1362.4950000000001
1368.511
1374.9019999999998
1376.2240000000002
1382.151
1392.883
1400.886
1406.902
1426.15
1433.0
1438.325
1449.123
1457.2960000000003
1466.7160000000001
1470.902
1476.9810000000002
1490.9140000000002
1495.839
1502.366
1506.4320000000002
1522.757
1535.511
1560.4950000000001
1570.716
1581.5990000000002
1587.959
1595.839
1606.6370000000002
1612.7410000000002
1620.287
1624.287
1637.877
1645.047
1652.3500000000001
1656.855
1664.0220000000002
1670.7190000000003
1676.7030000000002
1682.5110000000002
1688.104
1696.347
1701.672
1710.877
1712.959
1718.94
1728.8070000000002
1738.2550000000003
1747.6400000000003
1753.6280000000002
1766.2710000000002
1777.599
1785.072
1797.7000000000003
1810.1950000000002
1817.776
1829.8390000000002
1834.7440000000001
1842.0310000000002
1847.104
1853.328
1863.574
1874.64
1880.2620000000002
1895.1640000000002
1900.088
1905.2870000000003
1913.719
1916.9430000000002
1922.246
1930.94
1937.085
1943.4
1954.879
1961.1040000000003
1968.325
1975.7820000000002
1985.306
1994.303
2000.9999999999998
